vhfxl:101.62439923921355
yup:266.25888469471363
lwzgud:2.796063997222307
KYTD:401
meygol:541.6115435726855
WCQJI:462
AYR:104
edpl:28.82256668529305
FNWY:226
woy:568.548455073122
uohtsp:234.29174240568807
djbb:48.37745968494572
IXFHIN:573
abdaww:33.460672365542564
qqar:101.09113118636168
lty:568.7526666408728
YQAQB:322
azgln:416.56253712024085
ynsi:635.0615057969078
OYS:109
CPS:643
EJNR:454
mamhn:640.1007752971748
oynf:464.824400870941
waaa:1.2908913744597987
UGMBWW:789
AJJHTP:114
pfyar:1.8074069313495453
NYEBL:162
jza:51.91151043482781
MYD:664
STNI:8
bxoj:546.9746299137887
JDCQIQ:401
zkwgu:9.965283876457391
ugd:222.20024968564394
QWLI:211
ilt:24.460611274480602
JDKLOE:83
JUML:234
pkvwjd:2.2918024484864845
otp:239.82685211653362
ihas:52.63584703362361
xmych:170.63227850278793
nfcpy:304.42716129836174
EXQJD:648
mdhhxy:94.62906371837244
DUOEL:415
orrd:27.624317334143917
DVJYTZ:146
VRNB:171
nzyakp:764.4637058587894
ybzdyk:17.969975472847693
bvpqbf:373.8585073537774
cvl:164.48895489541573
ouq:13.309345080627692
SRBNA:344
NHT:78
FMRU:709
uvdx:196.54874178941395
VJBIL:361
tnoa:66.07589109685443
ipr:141.38766216788355
RNTVAL:284
yjs:290.40350745253494
NCJ:416
kffy:600.6751671424566
EMZZ:28
agjfmf:72.99945230128505
QTLJ:711
sij:284.81510887095294
WDKP:865
jaxi:687.1730998379054
VOH:390
gdieuj:33.04409004731546
ewha:404.21422882171447
yiy:113.92024620614929
vwkqzr:19.06536064834758
WRT:3
hovq:929.8776054913603
caqpey:11.257922392908036
HUKS:287
fvolm:111.67048721498377
APKGNJ:89
GADM:245
cec:658.028014722746
vsxw:763.0041756868126
ACUK:283
alw:866.1295253572431
CRVTE:415
fgzdau:327.898016053077
ohbbs:261.72927144149975
iuxdnr:11.434357322574257
OVHN:54
VIRNHS:320
MIBWL:71
njj:752.3615586135708
hmk:8.22831405673967
FHKO:8
OUQRI:31
vhfxl:615952.7208050428
yup:600815.3438010684
LWZGUD:19760
KYTD:34028
meygol:511375.9163793689
wcqji:247062.95779581123
ayr:23263.10673561569
EDPL:70703
FNWY:520148
woy:440216.821731536
UOHTSP:44436
djbb:28581.5682632632
ixfhin:90084.97380328197
abdaww:440747.3314470823
QQAR:137247
lty:18898.48155336569
YQAQB:18067
azgln:21518.279256264414
ynsi:92623.11094867137
OYS:182082
CPS:150957
ejnr:417774.5549962664
MAMHN:704972
OYNF:240087
WAAA:19169
UGMBWW:420142
AJJHTP:642798
PFYAR:335312
NYEBL:26020
JZA:110845
MYD:35482
stni:10851.993440256421
bxoj:759391.0506124222
JDCQIQ:383262
zkwgu:399137.06774766755
UGD:205338
QWLI:69052
ILT:90624
jdkloe:68297.43072710365
JUML:20317
PKVWJD:310054
otp:104805.02385605418
IHAS:213948
xmych:39290.400963451655
nfcpy:10202.992186358655
exqjd:49021.44189145792
MDHHXY:1576
duoel:474500.7190849276
ORRD:498238
DVJYTZ:412044
VRNB:60861
NZYAKP:74134
YBZDYK:732451
BVPQBF:523809
cvl:108170.6787245597
OUQ:547659
SRBNA:695920
NHT:259850
FMRU:552245
uvdx:18867.399537181456
vjbil:133913.12022981324
TNOA:66677
IPR:293611
RNTVAL:544164
YJS:177023
ncj:2915.0417647186214
KFFY:54604
EMZZ:814088
AGJFMF:270426
QTLJ:125204
sij:443277.9717089514
WDKP:235751
jaxi:712253.9667338169
VOH:244482
GDIEUJ:233703
ewha:426289.91581684933
YIY:568566
VWKQZR:216863
WRT:119762
HOVQ:254830
caqpey:69348.11683979479
HUKS:522595
FVOLM:431302
apkgnj:210546.52253776367
gadm:345075.3000824191
cec:698973.5273620787
vsxw:39312.1685154033
acuk:278476.9611505037
alw:705409.5949560724
CRVTE:189349
fgzdau:332057.02060141583
OHBBS:19644
IUXDNR:74062
ovhn:623712.2090483824
virnhs:123210.74979398557
MIBWL:175784
NJJ:41031
hmk:525304.4140145308
fhko:334038.3716654153
ouqri:224898.11064229385
